628949146186
628949146179
628949040248
628949032113
628949186663
628949039112
628949092278
628949041351
628949038030
628949032700
628949140153
628949186656
628949072010
628949032250
628949072157
628949171621
628949071396
628949171485
628949046240
628949893103
628949193227
628949032502
628949046264
628949038054
628949071907
628949171478
30628949034040
628949032687
628949032731
30628949049198
628949887201
628949032274
628949093213
628949032748
628949071150
628949038009
628949032762
628949071891
628949018476
628949092657
628949171867
628949046233
628949071044
628949017189
628949893035
628949143208
628949032724
628949192671
628949071143
628949038047
628949092568
628949193289
628949081197
628949192688
628949093176
628949887294
628949090717
628949032694
628949093183
628949171508
818443016447
818443017307
10101
818443010728
818443014962
818443016577
818443010711
818443010797
818443017109
818443017130
818443013989
818443016454
818443017116
818443017093
818443016089
818443012807
818443016539
818443015976
818443015983
818443012937
818443013132
818443012920
818443013927
818443013910
818443013996
818443012906
818443013958
818443013903
818443013965
818443013941
818443014177
818443015990
818443013880
818443013897
818443012913
818443013934
818443014160
818443014153
818443014146
818443014870
818443014849
818443014856
818443014863
818443014924
818443016379
818443015853
818443015303
818443015846
818443015808
818443015815
818443016157
818443015280
818443015297
818443014931
818443015945
818443015839
818443015785
818443015822
818443016409
818443016478
818443015419
818443016652
818443016638
818443015310
818443016485
818443015334
818443016614
818443016621
818443016591
818443016607
818443015327
818443016645
818443016461
818443016683
818443016737
818443016744
818443016751
818443015211
818443016775
818443016676
818443016713
818443016690
818443016669
818443016720
818443016782
818443015228
818443016980
8184430196973
818443016942
818443014627
818443016966
818443016959
818443016935
818443015051
818443015235
612016732129
818443017192
818443017208
818443017185
818443017246
818443017215
818443017260
818443017291
818443017284
818443017321
818443017277
818443017338
818443017345
612016873082
612016837107
612016739081
612016912422
612016731016
612016912576
612016873044
612016912620
612016732587
612016873129
612016873334
612016873228
818443013262
818443015600
818443016416
818443015587
818443016423
818443013248
818443016232
818443013200
818443016201
818443016188
818443017468
818443016904
81844301691
NULL
818443016874
818443016195
818443016898
818443013224
8183016928
818443017451
818443016225
NULL
818443015174
818443015181
818443015150
818443015037
NULL
818443015013
818443016218
NULL
818443016348
818443016317
818443016294
818443014993
NULL
818443016263
818443016324
818443015433
818443016355
818443015020
818443016256
818443015440
818443016331
818443016270
818443016287
818443016249
818443016300
818443015082
NULL
818443014979
818443013545
NULL
818443014634
818443017499
818443013750
818443013767
818443017543
818443016072
818443016065
818443015877
818443013316
818443014788
818443014603
818443016560
818443014476
818443014139
818443016812
818443016508
818443011077
818443011909
818443017239
818443015907
818443014511
818443016843
818443010537
818443014092
NULL
818443016027
818443014504
818443013354
818443016799
818443013330
818443016010
818443014306
818443016522
818443016492
818443016805
818443014108
818443016829
818443016850
818443014528
818443011916
818443015914
818443016836
818443013347
68889023558
68889023589
68889023572
68889034523
68888757676
68889023688
68888757683
68888759106
68889023527
68889023565
68888759168
68889019810
68888767224
68888767200
68889023695
68889023671
68889023664
68888767217
68888757690
68888759182
68888750844
68888750875
68888750851
68888750868
68888752091
68888760447
68888900768
68888900751
68888751490
68888756921
68888752107
68888752138
68888752114
68888756938
68888752084
68888752060
68888743167
68888756907
68888900744
68888756884
68888750882
68888756952
68888752121
68888752077
68888710749
68888756914
68889016154
68888750899
68888710763
68888873581
68888758406
68888899635
68888899628
68888898935
68888899673
68888899666
68888899642
68888877466
68888878845
68888710794
68888873710
68888891660
68888891653
68888744034
68888899659
68888751582
68888751636
68888758390
68888726412
68888751575
68888751049
68888899611
68888899741
68888750929
68888750912
68888896726
68888899604
68888877459
68888994378
68889014594
68888994385
68889024081
68888899543
68888882002
68889024098
68888899727
68888896719
68888873642
68888896177
68888751629
68888897006
68888725699
68888758413
68888771351
68888725705
68888899758
68888771368
68888994361
68888742627
680079610203
68888874021
68888874052
68888874038
68888874076
68888874069
68888876254
68888874106
68888874212
68888874120
68888874175
68888876261
68888874113
68888993289
68888871556
842893113173
842893106502
68888874168
68888763844
68888903691
842893106489
68888871563
842893106519
68888993319
68888759250
68888897730
68888744041
842893106496
68888744058
68888895163
68888882392
68888993302
68889016963
68889016956
68888895170
68888750257
68889014808
68888752275
68888993364
68888752282
68888772402
68888777803
68889017007
68888889193
68888752299
842893101705
68889034509
68888743426
68888772419
68888889186
68888891806
68889016970
68888897013
68888897020
68888743662
68888743686
68888897853
68888897846
68888743891
68888706810
68888743679
68888743884
68888891684
68888706483
68888708746
68888708814
68888720809
68888743709
68888762342
68888757300
68888771214
68888763509
68888771221
842893102023
68888771207
68888772679
842893101293
68888752398
68888752510
842893101262
842893101286
68888752787
68888752565
68888752817
68888752800
68888752794
68888752848
842893106526
68888752855
842893106540
842893106533
68888752527
68888752770
842893101408
68889023367
68888753012
68888753050
68889023343
68888722131
842893101316
68888753166
842893101385
68888897662
68888753265
68888717250
68888752824
68888753159
68888762359
68888752879
68888883283
68888725439
842893101392
842893101354
68888753173
68888771078
68888725422
68888771085
68888733618
68888897631
68888773034
68888754514
68888756778
68888743020
842893101361
68888721165
68888737715
68888904995
842893100180
68888753197
842893101415
68888753241
68888883184
842893100166
68888773058
68888892780
68888905077
68889023350
68888752831
842893101309
68888719780
68888753036
68888721097
842893101422
68888721103
68888753234
68888762373
68888753180
68888773089
68888876087
842893101323
68888773041
842893101347
68888876971
68888753258
842893112527
842893105437
68888721066
68888874496
68888753074
68888753685
68888764162
68888773072
68888721073
68888750646
68888775366
68888772686
68888753067
68888750691
68888905251
68888775373
68888889001
68888876094
68888773492
68888905053
68888892773
68888777285
68888775342
68888891486
68888750660
68888897624
68888756303
68888721059
68888757348
68888773027
68888773065
68888897655
68888721080
842893112367
68888775359
68888775335
68888771061
68888765060
68888765053
68888978620
842893112305
68888876100
842893112084
68888892742
842893100173
68888764155
842893105598
842893105604
68888881975
68888899826
68888881982
842893101668
842893105628
842893105635
842893105642
68888896498
68888896504
68888897945
68888771092
842893104706
68888758819
68889023718
68889023725
68888900850
68888763547
842893105024
68888777667
842893100364
68889006483
68888905145
68888758253
68888900386
842893101729
842893105031
842893107325
68888893725
842893116167
842893105611
68888759052
68888733731
68888758840
842893102184
68888750509
842893100197
68888750523
68888992619
842893100371
68888758857
68888764605
842893112169
68888772136
842893102191
68888743389
68888758710
842893102092
68888775458
842893101767
68888883269
68888777650
68888767668
68888758918
68888763394
68888885324
68888755436
68888762175
68888762113
68889006865
68888992602
68888883252
842893107301
842893107332
68888764599
68889010572
842893101637
842893107318
68888762168
68888765640
842893101774
68888750516
68888777292
68888773096
68888758864
842893100067
842893104713
68888763554
842893105895
842893105239
842893100388
842893107264
68888993333
68888993340
68888760416
68888773966
842893104720
842893112619
842893107257
68888889179
842893107271
68888993357
842893107240
842893105901
68888769853
68888762984
68888765657
68888763004
68888759847
68888758345
68888760119
68888763011
68888717854
68888764629
842893102214
842893104805
842893102207
842893102221
68888882187
68888901581
68888882170
68888874014
68889037470
68889037463
68888889209
68888882200
68888723138
68888883467
68888894296
68889019568
68888770675
842893105574
68888891950
68888894289
68888723121
68888717885
68888891967
68888758352
68888717861
68888751032
68888895316
68888882712
842893105567
68889019544
68888896306
68888882194
68888775489
68888759878
68888993647
68888871617
68888759861
68888993630
68888773577
68888762991
842893101712
68888904483
68888772273
68888772303
68888742559
68888772297
842893101736
842893104911
842893104904
68888757522
68888757546
68888775663
68888757539
68888757553
68888775632
68888762144
68888775656
68888775861
68888775649
68888896528
68888897969
842893104898
68888882453
68888896511
68888772280
68888755412
68888883368
68888742566
68888993661
68889017069
68888883375
68888897976
68888765084
68888772426
68888883481
68888757713
842893102238
68888993654
68888724852
68888883351
68888759298
68888759311
68888883504
68888742542
68888757720
68888742535
68889017052
68888759328
68888759045
68888759335
68888759304
68888897952
68888883108
68888765077
68888882415
842893100630
818443015112
818443015105
818443015143
818443015341
818443015358
818443015129
818443015266
818443015259
818443015136
68888020602
842893100647
68888700047
842893100661
842893100685
842893100708
842893100722
842893100715
842893100692
842893100678
842893100746
68888871624
68888880954
68888883498
842893100753
68888764179
842893104935
68888873826
68888759885
68888878739
68888773447
68888884372
68889019537
68888764209
68889019513
842893100784
842893100654
68888873819
68889019490
68888994200
68888764247
68888743044
68889019629
68888708692
68888766036
68888764193
68888722568
68888884365
68889019520
68888720113
68889019636
68888764216
68888710947
842893104928
68888722919
68888896214
842893105680
68888881852
68888722728
68888722735
68888772310
68888773942
68888981934
68888722391
842893101606
68888759892
842893112657
68888744379
68888744393
68888764230
68888751667
842893105703
842893113005
68888893633
68888756976
842893113012
68888758321
68888744409
68888993401
68888751650
842893105697
68888764186
842893100777
68888722902
68888878746
842893100739
68888890755
842893104737
842893114606
842893100913
842893101590
68888727013
68888901628
842893111773
68888894784
68888895620
68888895637
68888982702
68888982726
68888981958
68888982689
68888895613
68888982610
68888982757
68888982634
68888881845
68888989916
68888891318
68888756983
68888879262
68888744416
68888982863
68888982627
68888982719
68888779197
842893100906
68888901772
68888982658
68888982641
68888743822
68888896696
68888770569
68889000924
842893100890
68888899970
68888743761
68888758543
68888766876
68888896610
68888715171
68888885096
68888760720
68888755313
68888760737
68888901611
68888901765
68888889308
842893105185
842893100999
68888713580
68888777391
842893105758
68888901635
842893105956
68888885065
68888759489
68888757089
68888775687
68888775694
68888896665
68888777711
68888895217
842893111551
68888773126
68888898409
68888716208
842893105116
68888776806
68888885133
842893106700
68888770576
68888773829
842893114620
68888885072
68888897402
68888973410
68888904117
68888776837
842893105291
68888760751
842893106724
68888760638
68888899932
68888886437
68888894333
842893111544
68888885102
68888760225
842893106182
68888770101
842893106731
68888894364
68889007459
68888767613
68888907330
842893111506
68888767576
68888750189
68888758963
68888994668
68888885119
842893100760
68889000986
68888770095
68888750837
68889022827
68888905374
68888885751
68888904247
842893107288
842893106717
68888982740
68889010589
68888754538
842893100968
68888882477
68888885805
842893111537
68888770156
68888883306
68888743952
842893100944
842893105192
68888750493
68888994675
68888772327
68888897358
68888875622
842893110998
68888893732
68888991452
68888720090
68888989893
68888758314
68888903936
68888895644
68888895590
68888722759
68888895736
68888982672
68888885157
68888871587
68888905350
68888884457
68888982696
68888720083
68888885782
68888764261
68888758307
68888770163
842893100883
68888720106
68888726719
842893111193
68888775670
68888885089
68888754149
68888885812
68888709347
68888754132
842893101613
68888905367
842893111483
68888775250
68888709354
68888758574
68888777704
68888777421
68888777407
68888905381
68888900010
68888896634
68888755351
842893100982
68888754811
68888766890
68888901604
68889016901
68888904261
68888897563
68888897426
68888995009
68888897341
68888722742
68888754835
68888885126
842893106687
68888743976
68888901468
68888898393
842893111490
68888994651
842893105741
68888754071
68888743969
842893100814
842893112497
68889006841
68888777438
68888989923
68888982665
68888727020
68888756969
68888982764
68888755405
68888751834
68888738286
68888754989
68888743723
68888757614
68888757607
842893114545
68889000955
68888881357
68889019506
68888885140
68888989947
68888884464
68888745222
68888904254
68888754521
68888760256
68888777728
68888717083
68888738309
68888772532
68888766869
68888878524
68888896542
842893111513
68889023480
68888743938
68888770118
68888767583
842893111520
68888755337
68888897419
68888757409
68888738293
68888757638
68888774512
68888718004
68888721691
68888769938
68888754064
68888721950
68888757621
842893105284
68888722674
68888762083
68888744003
68888899086
68888758499
68888894586
68888743730
68888754927
68888744010
68888766821
68888773102
68888877503
68888762380
68888769419
68888722698
68888766807
68888727044
68889006506
68888757416
68888981095
842893100807
68888901802
68888760560
68888713085
68888886789
68888755757
68888767569
68888888479
68888762366
68888897365
68888773843
68888754545
68888903912
68888722681
68888885164
68888773812
842893105932
68888757423
68888774697
68888760553
68888882408
68888777193
68888891271
68888773805
68888901833
68888772938
68888727099
68888772334
842893100920
842893106779
68888896702
68889006490
842893100791
68888771382
68888899246
68888753982
68888722087
68888709378
68888773317
842893106762
842893102276
842893112435
842893112060
68888772785
68888769426
842893102269
68888755788
68888995795
68888771498
68888743754
68888760621
68888766838
68889007282
842893113142
68889016864
68888760591
68888990943
68888901796
68888760577
68888901819
68888754484
68888760584
68888713078
842893105949
68888713061
68888750127
68888758468
68888777414
68888762533
68888743495
842893114613
68888769501
68888891349
68888742955
68889011654
68888755740
68888774680
842893101583
68888995726
68888760546
68888737760
68888809610
842893110622
68888744027
68888743327
842893100975
68888766845
68888896641
68888886338
68888754828
68888901642
68888758550
68888743921
842893100951
842893106694
68888755320
68888989909
842893106755
68888760614
68888737777
68888716192
68888769945
68888737197
68889008487
68888766852
68888760607
68888760744
68889008258
68888981118
68888713245
68888745192
68888901789
68888988889
68888904957
842893113227
68888981101
68888762397
68888981583
842893101255
68888981606
68888897433
68888993449
68888755764
68888713238
68888763400
68888981590
68888764728
842893111940
68888772556
68889008753
842893111957
68889008746
68889008784
68888763455
842893100616
68888763462
68888744362
68888754590
842893106748
68888742368
842893110707
68888773768
68889008777
68888760768
842893105307
842893111889
68888760010
68888759991
68888757102
68888773140
842893111902
842893105963
68888762519
68888778916
842893101798
68889016536
68888896863
68888751292
68888757898
68888751346
68888770033
68888751353
68888770057
68888756099
68888770040
68888770064
842893107059
842893111636
68888770071
842893116112
842893104980
842893105000
842893104997
68888745024
68888744447
842893101477
68888745048
68888755702
68888893404
68888743525
68888901499
68888743532
68888881722
68888881715
68888881708
68888908474
68888908634
68888745031
68888896900
68888770088
68888759502
68888896887
68888759731
68888759748
68888761031
68888777759
68888761048
68888756150
68888756167
68888752749
68888752978
68888891769
68888891776
68888756143
68888759762
68888752862
842893111575
68888743549
68888908498
68888770804
68888760003
68888750769
68888751285
68888764476
68888770446
68888770453
68888770439
68888896672
842893102085
842893106915
842893113135
68888763035
68888770477
68888764711
68888764469
68888720076
68888886413
68888717014
68888710473
68888723183
68888755863
68888745598
68888772464
842893106953
842893106946
68888755832
842893105277
68888751377
68889019247
68888764490
842893103747
68888908467
68888755719
68888723145
68888770408
68888745536
68888755849
68888770491
68888894821
68888743334
68888777735
68889023497
68888770484
842893116105
68888896658
68888893411
68888723176
68889019230
842893115825
68888875769
68888710466
68888764704
68888757508
68888770385
68888770460
68888755856
68888886833
68888763158
68888723169
68888770422
842893106922
842893111582
68888754507
842893106939
68888770415
68888717007
68889019223
68888773157
842893101248
68888772488
68888772471
68888762410
842893101484
68888772495
68888772518
68888772433
68888772440
68888772501
68888770507
68888772457
68888770514
68888772525
68888770392
68888770378
68888770538
842893102306
68888770521
842893102313
68888770552
68888896894
68888770545
68888886536
68888723206
68888710459
68888723213
68888882040
68888723336
68888886444
68888901840
68888778015
68888778022
842893116075
68888723329
68888885379
842893116082
68888709316
68888708944
68888900331
68888885423
68888885430
68888886529
68888886512
68888885386
68888778084
68888885362
68888885447
68888771849
68888777698
68888777674
68888777681
68888767736
68888777773
68888771788
68888777766
842893101538
842893116099
68888771795
68888771801
842893102108
68888771818
68888758611
68888758628
68888758895
68888759199
68888758604
68888760232
68888758598
68888758635
68888760270
68888758666
68888758642
68888777896
68888758673
68888758659
68888777919
68889007411
842893100395
68888777926
68888758505
68888760287
68888754088
68888760249
842893100876
68888771931
68888770644
68888770651
842893101491
68888777902
68888770668
68888770309
68888758871
68888772990
68888763493
68888758901
842893101002
68888775236
68888775410
68888757591
68888763073
842893107363
842893100340
842893106076
842893102252
68889015201
68888762540
68888885935
68888885201
68888882255
68889002638
68888758581
68888760379
68888777834
68888770279
68888769396
68888776141
68888757454
68888769389
68888772631
68888777797
68888771870
68888760829
68888882248
68888885188
68888754118
842893110653
68888755177
68888771894
68888775502
68888773003
68888750318
68888750431
68888898263
68888762472
842893102368
68888756198
68888898331
68888759854
68888900607
68888770286
68888900270
68888979047
68888762458
68888897587
68888759540
68888778046
842893104874
68889019728
68888744317
68888737500
68888776332
68888754095
842893107493
68888882231
68888898201
68888776455
68888763349
68888775847
68888771429
68888709514
68888757430
68888738057
68888776066
68888767682
68888750455
842893113098
NULL
68888761628
68888759571
68888776714
68888904070
68888772648
68888754446
68888904377
68888770132
68888770330
68888771375
68889007206
68888760812
68888892391
68888762502
68888762960
68888904087
68888898232
68888757584
68888744324
68888763042
68888898300
68888778053
68888775823
68888762496
68888757812
68888759786
68888778039
68888758512
842893114637
68888758888
68888763233
68888765046
68888754453
68888770781
68888760799
68888767750
68888904339
68888911269
68888776462
68888763318
842893107509
68888762977
68888759441
68889002218
68888904292
68888771924
68888898355
842893115917
68888744270
68888773522
842893115900
68888762076
68888762106
68888770323
68888758529
68888760188
842893110677
68888989022
68888775243
68888777810
68888763226
68888755160
68888763424
68888988988
68888754293
68888770149
68888754125
842893107486
68888733854
68888776349
842893110905
68888760805
68888744348
68888750400
68888777780
68888991391
68888989015
68888760362
68888760454
68888777841
68888775830
68888900294
68888762588
68888753968
68888898294
68888763066
68888776691
842893110646
68889038224
68888744485
68888750448
68888737302
68888750325
68888775854
68888898324
68888772983
68888759212
68888767590
68888989039
68888778060
68888762489
68888750332
68888776448
68889015379
68888899956
68888898256
68888762465
68888767743
68888744355
68888770798
68888991407
68889007237
68888776158
68889007220
68888882224
68888756136
68888744607
68888891455
842893110660
68888744287
68888882262
68888757386
68888900300
68888760164
68889015263
68888888080
68888773256
68888892384
68888760348
68888904063
68888762571
842893111452
68888773959
68888744300
68888773546
68888900287
68888760898
68888709491
68888763370
68888989046
68888777162
68888762090
68888763868
68888882217
68888898096
68888763219
68888750721
68888770347
68888762557
68888763356
68888767545
68888771948
68888897594
68888754309
68888750394
68888770750
68888755290
68888893664
68888777865
68888767552
68888770736
68888763714
68888759229
68888757447
68888988995
68888971492
68888898225
68888898287
68888989008
68888755498
68888759205
68888769402
68888898218
842893112541
68888773515
842893113104
68888991414
68888898270
68888777889
68888742511
68888775403
68888750370
68888778077
842893111469
68888750417
68888898195
68888763325
68888763257
68888898164
68888738040
68888763301
68888757379
68888770200
68888750424
68888777872
68888777179
68888757393
68888770743
68888776073
68888763332
68888760072
68888757904
842893115924
68888777858
68888777827
68888737227
68888759809
68888737852
68888737883
68888755887
68888759533
68888754606
68889011524
68888738200
68888769044
68888769051
68888769020
842893112473
68888769082
842893112602
68888769112
68888769099
68888769129
68888769136
68888770170
68888770187
68888772082
68888777254
68888773454
842893101880
842893100821
68888759724
842893113111
842893110912
68888753357
68888883245
842893105048
68888753470
68888753579
68888767835
68888753616
68888753517
68888767842
68888771337
68889011500
68888764513
68888753647
68888753623
68888753487
68888764520
68888771320
68888753630
68888776356
68888753654
68889016550
68888760058
68888753494
68888767828
842893115931
68889016567
68888753609
68888753289
68888883238
68888753661
68888776165
68888753593
68888753333
842893116624
68888759823
68888752312
68888750622
68888752305
68888754583
68888755993
68888767507
68888767514
68888972871
68888772068
68888752329
68888756105
68888750615
68888756075
68888756068
68888757805
68888750639
68888756006
68888900201
68888752336
68888900195
842893107134
68888757270
68888767491
842893107141
68888777230
68888745093
68888763790
68888756488
842893107165
68889011494
68888756853
68888751681
68888745109
68888777216
68888880992
68888762212
68888756037
842893107158
68888886505
68888745116
68888888509
68888770767
68888757287
842893105727
68889023329
68888743303
68888896566
68888991353
68888770897
68888759496
68888763479
68889023312
68888744119
68888764360
68888773553
68888999823
68888743839
68888708616
68888766043
68888900652
68888737517
68888737524
68888767934
68888712835
68888899031
68888895132
68888886840
68888777988
68888744126
68888778008
68888744133
842893113128
68888777995
68888901550
68888762441
842893116037
68888901574
68888754323
68888756426
68889011555
842893114712
68888751742
68888758758
68888756228
842893114705
68888751728
68888751711
68888751735
68888756235
68888742931
842893112893
68888756211
68888775564
68888750738
68889011531
68888756242
68888763738
68888886208
68888884709
68888763752
68888763721
68888763745
68888771511
68888770194
68888763783
68888897242
68888987356
68888742672
68888886192
68888742696
68888901000
68888743464
68888759700
68888882125
68888770361
68888767439
68888882118
68888771504
68888770354
68888886215
68888776929
68888742702
68888742733
68888742757
68888886024
68888742788
68888888493
68888901031
68888754934
842893112190
68888742795
68888899987
68888880220
68888880237
842893105734
68888886499
68888881012
68888886482
68888881005
842893105765
842893105772
68888762403
68888758765
68888761598
68888761611
68888758772
68888758789
68888745161
68888745154
68888728270
68888777186
68888745147
68889009903
68888754187
68888760645
68888761369
68888776769
68888760669
68888762007
68888760683
68888754200
68889005851
68889005868
68888760690
68889015171
68889005899
68888758727
68888758734
68888754231
68888759342
68888751537
68888762045
68888758741
68888762052
68888769709
68888776776
68888763363
68888769716
68888765916
68888758291
68888758277
68888758284
68888751872
68888751858
68888750547
68888733786
68888750561
68888751889
68888750578
68888750950
68888750981
68888755238
68888763677
68888763691
68888751933
68888751964
68888751179
68888751971
68888751988
68888751995
68888752008
68888752053
68888754255
68888752039
68889010176
68888760713
68888733526
68889016598
68889009972
68889010046
68888760089
68888760096
68889010039
68888753784
68888760102
68888753777
68888753791
68889010268
68888751223
68889010121
68889010145
68888751230
68888777155
842893105925
68888763875
68888759670
842893116273
68888771740
68888744645
68888759687
68888744638
68888744652
68888744669
68889010244
68888763684
68889010077
68888752176
68889010015
68888755221
68888745062
68888745079
68888745086
68888755634
68888751209
68888755665
68888753807
68888754019
68888754026
68888754040
68888754033
68888753883
68888753906
68888753913
68888755207
68888733588
68888733571
68888733595
68889006803
842893115726
68889006810
68889006797
68888744881
68888744898
68888744904
68888973328
68889006698
68889010770
68889006711
68888759373
68888744935
68888744959
68888744942
68888744966
68888744775
68888763936
68889006773
68888761208
68888737586
68888759403
68888744829
68888759410
68888744812
68889006827
68889006735
68888745017
68889006742
68888744751
68888744768
68888744805
68888760515
68888737579
68888745000
68888769662
68889006780
68888755979
68888744799
68888737609
68888763998
842893101675
68888765930
842893111056
68888776998
68888776172
68888765947
68888767859
68888765954
842893111063
68888777001
68888760867
68888760966
68888761178
68888771122
68888767958
842893105994
68888758796
842893100623
68888761130
68888762229
68888771177
842893107448
842893105987
68888758956
68888761475
842893115733
68888776189
68888761468
68888769907
842893111254
842893106045
68888760461
68888757782
68888757768
68888761215
842893100852
68888771917
842893111230
68888760126
68888769549
842893104942
842893111247
68888756495
842893100128
68888757751
68888761055
68888751254
68888756341
68888761147
68888756273
68888760140
68888760522
68888757874
68888769921
68888763967
68888761154
68888756266
842893113074
68888756327
68888760133
842893101644
68888755948
68888757744
842893102030
68888760157
68888761451
68888776370
842893111223
68888761246
842893107066
842893101545
68888764131
68888769914
68888744782
68888763141
842893112640
842893105321
68888778589
842893112749
842893104959
68888770729
842893111476
68888761543
842893105338
68888765107
842893107080
68888765121
842893101514
842893111186
842893111261
842893114552
68888772969
68888772976
842893111278
842893101743
68888776202
842893101750
68888776219
842893114583
68888776233
842893102139
68888775762
842893111803
842893102146
842893111827
842893100135
842893111810
68888775779
842893111834
842893111858
842893111841
68888775786
842893100142
842893111865
842893100159
842893102160
68888773287
68888773270
68888777568
68888776127
68888772853
68888776110
68888772860
68888777575
68888777582
842893111667
842893111674
842893111681
68888777599
842893111698
842893100357
68888767873
68888767903
842893111704
68888767910
842893102337
842893102320
842893106618
842893104973
842893107370
68888764551
68888764537
68888761406
68888764568
68888761444
842893102061
842893102054
68888765879
68888759113
68888767767
68888763813
842893106854
68888770842
842893105352
68888770835
842893113203
842893106052
68888779333
68888771962
68888760843
842893107073
68888767866
68888758925
68888763806
68888767781
68888759090
68888767798
842893107219
842893105345
68888777445
842893108728
842893111049
68888770859
68888758932
842893101460
842893110639
842893107455
842893108759
68888761314
68888767620
68888765923
68888767651
68888767774
842893101521
68888763974
842893114668
842893101651
842893111919
842893111124
68888767446
842893101507
842893101972
68888766906
68888764025
68888764018
68888775939
68888777100
68888777117
68888777148
842893106625
68888777124
68888763905
842893106632
842893106649
842893106656
68888764384
842893110806
68888769860
68888764407
68888764049
68888764421
68888764063
68888764438
68888764414
842893110813
68888764445
842893110820
842893110837
68888764452
842893110844
842893110851
68888761987
68888764339
68888764070
68888764346
68888764353
842893111711
68888764094
68888764100
68888769877
842893110868
68888764124
68888761079
68888770019
68888770002
68888769358
68888761222
68888769365
68888757867
68888775519
68888776684
842893111087
68888775526
842893111346
68888764544
68888771443
68888769525
842893112374
68888761239
68888767606
68888762182
68888776790
842893110561
842893102078
68888769341
842893107462
68888760881
842893111070
842893100838
68888761116
842893106861
68888762199
68888769990
68888769372
842893105970
68888769983
842893111094
68888761307
68888777261
842893111100
68888773881
68888769952
68888775557
68888773799
68888769310
842893106571
68888766098
68888773782
842893101866
68888775540
842893111766
68888776783
842893100845
68888764117
842893101958
68888762243
68888770873
842893110882
68888775816
842893101569
68888769976
68888770880
68888769969
842893110899
68888769334
68888762205
842893113029
68888761185
68888771474
68888769327
842893101965
842893111964
842893110684
842893110363
68888770927
68888770934
68888770958
68888770941
68888770989
68888770965
68888770996
68888770972
842893110370
68888771009
68888771016
68888771030
842893110387
842893110394
842893110400
842893111407
68888769556
842893105130
842893105123
842893101934
842893105147
68888775908
842893107387
842893107394
842893107400
842893107417
68888775915
842893111315
68888775922
842893111322
68888762526
842893111339
68888771047
68888772907
68888772891
68888772914
68888772921
68888775427
68888775434
68888775441
842893100401
842893100418
842893100432
842893100463
842893100470
842893100487
842893100494
842893100500
842893100524
842893100579
842893100555
842893112343
842893100456
842893100586
842893100609
68888772624
68888775311
68888771245
68888771252
842893112312
68888771269
68888771276
68888771306
68888777933
68888777940
842893111971
842893101019
842893101026
842893101033
842893101040
842893101859
68888779210
68888779227
68888894197
68888756471
68888777971
68888777964
842893111353
842893101064
842893116013
68888772020
68888772051
68888770224
842893101699
68888776868
68888776875
68888777636
842893114569
842893100272
842893114576
68888770217
68888769891
842893101903
842893111001
842893100869
842893111360
68888775588
842893100210
68888775595
842893107042
68888774000
68888776912
68888777605
842893111599
842893111605
842893107226
68888773249
842893101811
68888769167
68888769174
68888769150
68888769181
68888769204
68888769198
68888769211
68888769228
68888776479
68888776486
68888775892
842893116198
842893101088
842893101095
842893101149
68888777629
842893101132
842893101170
842893101194
842893101187
842893101200
842893101224
68888769440
842893101217
842893101125
68888769457
68888769464
842893108780
842893110301
842893110325
842893110332
842893111209
842893111216
68888777308
68888777322
842893107004
68888777339
842893106243
842893106229
68888769624
68888772815
68888769648
842893101453
842893100234
842893114682
842893101804
842893100265
68888775601
842893110349
68888775625
842893101163
68888870306
68888020220
842893110356
68888800181
842893110295
68888708050
68888700559
68888701921
68888718479
68888883955
68888993241
68888718486
68888993265
68888993258
68888879347
68888893008
68888701600
68888701655
68888701716
68888701693
68888701556
68888882026
68888743990
68888700115
68888702324
68888722605
68888713740
68888702386
68888701204
68888704748
68888702515
68888702478
68888702485
68888702522
68888702560
68888702508
68888700290
68888700306
68888700320
68888700337
68888744201
68888744218
68888754958
68888754965
68888757249
68888757256
68888757263
68888754972
68888759649
68888759625
68888757935
68888757942
68888758444
68888769815
68888769822
68888769839
68888758246
68888757997
68888758000
68888758024
68888889322
68888889506
68888889766
68888889926
68888889780
68888700344
68888700375
68888721011
68888708098
68888706308
68888700351
68888701327
68888721028
68888701587
842893111391
68888769280
68888718394
68888772600
68888769273
842893100241
842893110943
842893112336
842893110950
68888769259
68888769235
842893100517
68888701686
842893108797
68888889513
842893101057
68888769266
68888702492
68888775328
68888758017
68888777957
68888769617
842893101828
68888710237
68888701136
68888772822
68888700382
842893101101
68888870160
68888701570
68888890144
842893101682
68889001020
68888777643
68888895477
68888772044
68888769884
68888702553
842893101118
68888701709
842893100258
68888769495
842893100227
68888773232
68888700313
68888771405
842893101071
842893105055
68888758239
842893114675
68888757959
68888719797
842893113081
68888889902
68888701662
842893101156
68888707848
68888770231
842893100593
68888993234
68888701679
68888757980
68888758437
68888757973
842893100548
68888701747
68888704038
68888704021
68888009447
68888009676
68888703680
68888758109
68888701631
68888702669
68888758154
68888758123
68888758130
68888758116
68888758161
68888758147
68888758093
68888758055
68888758185
68888758031
68888758178
68888744171
68888758222
68888758086
68888758062
68888758079
68888758192
68888758048
68888701761
68889001044
68888758208
68888757911
68888744195
68888758215
68888890366
68888890151
68888887908
68888887281
68888890380
68888887991
68888890359
68888890403
68888978415
68888887533
68888890410
68888887083
68888890427
68888888004
68888890526
68888890564
68888871792
68888887946
68888887939
68888890434
68888887557
68888890700
68888887045
68888887953
68888887441
68888887366
68888887502
68888887540
68888871808
68888887465
68888887687
68888887175
68888887526
68888715409
68888877558
68888871778
68888887212
68888887564
68888890519
68888874953
68888887861
68888887519
818443017482
680079630225