628949146186
628949146179
628949040248
628949032113
628949186663
628949039112
628949092278
628949041351
628949038030
628949032700
628949140153
628949186656
628949072010
628949032250
628949072157
628949171621
628949071396
628949171485
628949046240
628949893103
628949193227
628949032502
628949046264
628949038054
628949071907
628949171478
30628949034040
628949032687
628949032731
30628949049198
628949887201
628949032274
628949093213
628949032748
628949071150
628949038009
628949032762
628949071891
628949018476
628949092657
628949171867
628949046233
628949071044
628949017189
628949893035
628949143208
628949032724
628949192671
628949071143
628949038047
628949092568
628949193289
628949081197
628949192688
628949093176
628949887294
628949090717
628949032694
628949093183
628949171508
818443016447
818443017307
10101
818443010728
818443014962
818443016577
818443010711
818443010797
818443017109
818443017130
818443013989
